1 0 0 0 0 0 0 0 0 A
4 1 0 0 0 0 0 0 0 B
2 1 1 0 0 0 0 0 1 C
1 0 1 0 0 1 1 1 1 D
8 0 0 0 0 0 1 0 1 E
9 0 0 0 0 1 1 0 0 F
4 0 1 0 0 1 1 0 1 G

1 0 0 0 0 2 2 2 2 H
4 0 0 0 0 2 0 2 2 I
5 0 0 0 0 0 2 2 0 J
3 0 0 0 0 2 0 2 0 K
3 0 0 1 0 0 2 0 2 L
5 0 0 0 0 0 2 0 0 M
2 0 0 1 0 0 0 2 2 N

1 0 0 0 0 1 1 2 0 O
2 0 0 0 1 1 1 2 0 P
1 0 0 0 0 1 0 2 1 Q
2 0 0 0 2 1 0 2 1 R
3 0 0 0 0 0 1 2 1 S
2 0 0 0 3 0 1 2 1 T
3 0 1 0 0 2 1 2 2 U

1 0 1 0 0 1 1 2 1 V
2 0 1 0 1 1 1 2 1 W
3 0 0 0 0 1 1 2 2 X
2 0 0 0 2 1 1 2 2 Y
1 0 1 0 0 0 2 0 1 Z
2 0 1 0 3 0 2 0 1 a