1 0 0 0 0 0 0 0 0 A
1 1 0 0 0 0 0 0 0 B
1 1 1 0 0 0 0 0 1 C
1 0 1 0 0 1 1 1 1 D
1 0 0 0 0 0 1 0 1 E
1 0 0 0 0 1 1 0 0 F
1 0 1 0 0 1 1 0 1 G

1 0 0 0 0 2 2 2 2 H
1 0 0 0 0 2 0 2 2 I
1 0 0 0 0 0 2 2 0 J
1 0 0 0 0 2 0 2 0 K
1 0 0 1 0 0 2 0 2 L
1 0 0 0 0 0 2 0 0 M
1 0 0 1 0 0 0 2 2 N

1 0 0 0 0 1 1 2 0 O
1 0 0 0 1 1 1 2 0 P
1 0 0 0 0 1 0 2 1 Q
1 0 0 0 2 1 0 2 1 R
1 0 0 0 0 0 1 2 1 S
1 0 0 0 3 0 1 2 1 T
1 0 1 0 0 2 1 2 2 U

1 0 1 0 0 1 1 2 1 V
1 0 1 0 1 1 1 2 1 W
1 0 0 0 0 1 1 2 2 X
1 0 0 0 2 1 1 2 2 Y
1 0 1 0 0 0 2 0 1 Z
1 0 1 0 3 0 2 0 1 a
1 0 1 0 4 2 1 2 2 b
